materials 0.32 579 321 613 361
materials 0.48 582 362 614 405
materials 0.57 574 277 617 323
materials 0.58 522 362 569 406
materials 0.70 636 359 709 406
materials 0.70 524 269 564 318
materials 0.73 178 280 294 354
materials 0.74 524 315 566 360
materials 0.77 335 366 425 409
materials 0.79 335 408 426 445
materials 0.79 332 324 425 367
materials 0.80 523 402 566 452
materials 0.80 154 226 250 296
materials 0.80 20 363 113 413
materials 0.81 176 417 288 491
materials 0.82 332 287 425 330
materials 0.84 24 322 113 363
materials 0.86 22 413 114 461
materials 0.88 176 348 291 423
materials 0.90 27 275 113 325
