materials 0.83 831 270 937 318
materials 0.84 538 362 613 407
materials 0.84 675 349 792 420
materials 0.85 677 269 790 354
materials 0.88 60 353 166 421
materials 0.88 317 410 407 487
materials 0.88 186 233 294 299
materials 0.89 543 407 611 452
materials 0.89 332 353 420 415
materials 0.89 64 237 166 301
materials 0.90 438 352 531 412
materials 0.90 329 240 409 301
materials 0.90 60 415 160 483
materials 0.91 329 297 413 355
materials 0.92 62 297 168 359
materials 0.92 185 293 290 357
materials 0.92 440 243 525 299
materials 0.92 185 353 287 423
materials 0.94 437 296 528 353
materials 0.94 438 409 532 470
