materials 0.48 666 282 800 344
materials 0.50 667 341 812 415
materials 0.54 39 486 178 564
materials 0.56 40 399 174 491
materials 0.59 500 472 639 545
materials 0.60 53 248 165 332
materials 0.61 663 388 814 473
materials 0.69 911 196 1035 281
materials 0.73 44 324 173 409
materials 0.75 503 303 633 363
materials 0.75 501 361 633 420
materials 0.80 503 418 631 479
materials 0.83 249 201 383 283
materials 0.85 921 379 1045 470
materials 0.87 918 282 1038 375
materials 0.90 924 466 1054 562
materials 0.95 219 380 371 485
materials 0.95 211 481 362 590
materials 0.96 225 280 377 379
