materials 0.43 0 19 72 214
materials 0.43 0 167 69 363
materials 0.62 0 553 56 720
materials 0.70 0 365 62 563
materials 0.79 963 387 1080 528
materials 0.82 959 528 1080 679
materials 0.89 959 235 1080 383
materials 0.89 958 94 1080 236
materials 0.91 215 514 430 630
materials 0.96 220 204 457 312
materials 0.96 511 186 756 293
materials 0.96 526 520 761 627
materials 0.96 518 406 758 518
materials 0.96 217 410 464 516
materials 0.97 504 289 760 408
materials 0.97 215 304 463 411
