materials 0.73 178 344 262 384
materials 0.75 768 246 844 304
materials 0.75 144 382 250 431
materials 0.79 144 428 241 473
materials 0.79 301 366 410 440
materials 0.80 628 309 748 364
materials 0.82 301 299 399 369
materials 0.84 316 432 408 506
materials 0.85 773 422 872 493
materials 0.85 630 366 748 428
materials 0.88 880 355 994 419
materials 0.89 519 314 621 371
materials 0.89 518 369 625 428
materials 0.90 525 257 616 316
materials 0.90 522 421 621 486
materials 0.91 878 294 982 359
materials 0.91 884 416 994 482
materials 0.91 878 234 976 300
materials 0.93 775 305 853 362
materials 0.95 773 361 861 423
