materials 0.42 732 244 833 300
materials 0.78 136 433 248 503
materials 0.79 263 369 388 436
materials 0.79 405 425 501 498
materials 0.82 130 372 256 438
materials 0.86 139 251 247 310
materials 0.86 265 310 388 372
materials 0.86 509 312 590 364
materials 0.87 131 309 256 374
materials 0.87 781 285 874 362
materials 0.89 507 259 588 314
materials 0.91 264 248 383 312
materials 0.91 776 356 879 427
materials 0.91 410 255 480 314
materials 0.92 408 370 492 428
materials 0.94 774 424 878 498
materials 0.94 512 420 593 483
materials 0.95 512 364 594 425
materials 0.95 411 313 488 371
