materials 0.32 735 365 786 413
materials 0.32 860 414 1001 495
materials 0.33 102 352 221 442
materials 0.37 832 228 960 292
materials 0.43 851 351 984 421
materials 0.47 2 425 106 481
materials 0.47 239 262 348 355
materials 0.56 4 311 110 373
materials 0.60 2 370 111 427
materials 0.64 734 249 781 308
materials 0.68 735 300 781 363
materials 0.68 841 289 971 352
materials 0.69 109 178 211 266
materials 0.73 666 277 728 351
materials 0.74 238 347 350 446
materials 0.86 663 348 731 428
materials 0.87 662 212 724 284
materials 0.92 408 268 577 344
materials 0.94 408 176 580 273
materials 0.97 390 340 584 439
