materials 0.76 915 249 983 300
materials 0.77 1 352 113 414
materials 0.78 268 249 341 302
materials 0.78 2 294 115 354
materials 0.80 460 281 529 325
materials 0.82 371 250 448 300
materials 0.82 557 229 641 297
materials 0.84 926 399 990 454
materials 0.84 716 282 810 320
materials 0.85 0 410 107 470
materials 0.85 125 350 234 414
materials 0.85 265 352 347 406
materials 0.87 574 347 680 410
materials 0.88 576 280 680 349
materials 0.89 123 239 235 301
materials 0.90 127 297 231 353
materials 0.92 267 299 346 351
materials 0.93 366 349 454 405
materials 0.93 371 401 451 457
materials 0.94 368 298 451 350
