materials 0.46 240 215 366 301
materials 0.54 233 377 363 456
materials 0.55 234 301 365 376
materials 0.55 571 376 689 462
materials 0.59 566 288 691 377
materials 0.60 227 451 338 537
materials 0.68 532 458 661 578
materials 0.73 571 204 685 291
materials 0.76 892 457 1010 528
materials 0.76 888 323 1018 392
materials 0.77 893 389 1009 461
materials 0.80 894 259 1009 326
materials 0.87 368 375 523 461
materials 0.92 731 463 874 554
materials 0.93 734 376 872 465
materials 0.93 376 202 522 292
materials 0.93 371 291 523 375
materials 0.93 732 195 867 283
materials 0.94 733 287 867 371
