materials 0.30 79 446 191 535
materials 0.51 807 422 881 481
materials 0.70 988 206 1080 287
materials 0.76 43 283 189 366
materials 0.77 452 367 574 438
materials 0.78 448 304 578 371
materials 0.82 319 309 451 373
materials 0.83 452 240 575 306
materials 0.84 600 242 683 307
materials 0.84 319 372 449 437
materials 0.84 328 248 440 309
materials 0.87 42 367 192 448
materials 0.87 716 430 827 493
materials 0.88 329 432 437 503
materials 0.89 710 361 821 430
materials 0.90 603 429 705 506
materials 0.91 604 306 691 368
materials 0.92 713 236 811 302
materials 0.93 712 298 817 365
materials 0.94 603 367 696 433
